#ifndef GAINS_H
#define GAINS_H

/* ========================================================================= */
/* AUTOMATICALLY GENERATED FILE FROM MATLAB MAGNOLIA TOOL - DO NOT EDIT      */
/* ========================================================================= */

#define PARAM_G 9.81000000000000050
#define PARAM_IX 2.23999999999999980e-03
#define PARAM_IY 2.89999999999999980e-03
#define PARAM_IZ 5.30000000000000002e-03
#define PARAM_M 0.46000000000000002
#define PARAM_L 0.12700000000000000
#define PARAM_TI_MIN 0.00000000000000000
#define PARAM_TI_MAX 2.50000000000000000
#define PARAM_F_PLANT 200.00000000000000000
#define PARAM_IX_TILDE 2.23999999999999980e-03
#define PARAM_IY_TILDE 2.89999999999999980e-03
#define PARAM_IZ_TILDE 5.30000000000000002e-03
#define PARAM_M_TILDE 0.46000000000000002
#define PARAM_L_TILDE 0.12700000000000000
#define PARAM_CI 0.01500000000000000
#define PARAM_T_MIN -4.51260000000000083
#define PARAM_T_MAX 5.48739999999999917

#define PARAM_F_KALMAN 100.00000000000000000
#define PARAM_F_LQI 100.00000000000000000
#define PARAM_F_MPC 10.00000000000000000
#define PARAM_NP 60
#define PARAM_NC 60
#define PARAM_NX 9
#define PARAM_NU 3

#define PARAM_W_TERMINAL 20.00000000000000000

#define PARAM_SIGMA_POS 0.00000000000000000
#define PARAM_LATENCY_MOCAP 0.01000000000000000
#define PARAM_F_MOCAP 100.00000000000000000
#define PARAM_SIGMA_OMEGA 0.00000000000000000
#define PARAM_B_GYRO 3.49065850398865929e-04
#define PARAM_F_C_GYRO 30.00000000000000000
#define PARAM_F_GYRO 200.00000000000000000
#define PARAM_SIGMA_ACC 0.00000000000000000
#define PARAM_B_ACC 0.14999999999999999
#define PARAM_F_ACC 200.00000000000000000
#define PARAM_M_N 22.30000000000000071
#define PARAM_M_E 0.00000000000000000
#define PARAM_M_D 41.93999999999999773
#define PARAM_SIGMA_MAG 0.00000000000000000
#define PARAM_F_MAG 50.00000000000000000
#define PARAM_F_MAHONY 200.00000000000000000
#define PARAM_KP_MAHONY 0.50000000000000000
#define PARAM_KI_MAHONY 0.01000000000000000
#define PARAM_TAU_M 0.03000000000000000

static const double export_X_max[9] = {1.00000000000000000e+03, 1.00000000000000000e+03, 1.00000000000000000e+03, 1.00000000000000000e+03, 1.00000000000000000e+03, 1.00000000000000000e+03, 1.00000000000000000e+03, 1.00000000000000000e+03, 1.00000000000000000e+03};

static const double export_X_min[9] = {-1.00000000000000000e+03, -1.00000000000000000e+03, -1.00000000000000000e+03, -1.00000000000000000e+03, -1.00000000000000000e+03, -1.00000000000000000e+03, -1.00000000000000000e+03, -1.00000000000000000e+03, -1.00000000000000000e+03};

static const double export_U_max[3] = {5.48739999999999917e+00, 3.49065850398865896e-01, 3.49065850398865896e-01};

static const double export_U_min[3] = {-4.51260000000000083e+00, -3.49065850398865896e-01, -3.49065850398865896e-01};

static const double export_Q_mpc[9] = {1.00000000000000006e-01, 1.00000000000000006e-01, 1.50000000000000000e+02, 5.00000000000000000e+01, 5.00000000000000000e+01, 1.00000000000000000e+01, 1.00000000000000000e+02, 7.50000000000000000e+01, 1.00000000000000000e+02};

static const double export_B_mag[3][1] = {
    {1.49999999999999994e-01},
    {-2.50000000000000000e-01},
    {1.00000000000000006e-01}
};

static const double export_A_mag[3][3] = {
    {1.00499999999999989e+00, 2.00000000000000004e-03, 1.00000000000000002e-03},
    {2.00000000000000004e-03, 9.97999999999999998e-01, 3.00000000000000006e-03},
    {1.00000000000000002e-03, 3.00000000000000006e-03, 1.00200000000000000e+00}
};

static const double export_M_T_u[4][4] = {
    {1.00000000000000000e+00, 1.00000000000000000e+00, 1.00000000000000000e+00, 1.00000000000000000e+00},
    {1.27000000000000002e-01, -1.27000000000000002e-01, -1.27000000000000002e-01, 1.27000000000000002e-01},
    {-1.27000000000000002e-01, -1.27000000000000002e-01, 1.27000000000000002e-01, 1.27000000000000002e-01},
    {1.49999999999999994e-02, -1.49999999999999994e-02, 1.49999999999999994e-02, -1.49999999999999994e-02}
};

static const double export_M_u_T[4][4] = {
    {2.50000000000000000e-01, 1.96850393700787407e+00, -1.96850393700787407e+00, 1.66666666666666679e+01},
    {2.50000000000000000e-01, -1.96850393700787407e+00, -1.96850393700787407e+00, -1.66666666666666679e+01},
    {2.50000000000000000e-01, -1.96850393700787407e+00, 1.96850393700787407e+00, 1.66666666666666679e+01},
    {2.50000000000000000e-01, 1.96850393700787407e+00, 1.96850393700787407e+00, -1.66666666666666679e+01}
};

static const double export_A_kalman[15][15] = {
    {1.00000000000000000e+00, 0.00000000000000000e+00, 0.00000000000000000e+00, 0.00000000000000000e+00, 0.00000000000000000e+00, 0.00000000000000000e+00, 1.00000000000000002e-02, 0.00000000000000000e+00, 0.00000000000000000e+00, 0.00000000000000000e+00, 0.00000000000000000e+00, 0.00000000000000000e+00, 5.00000000000000024e-05, 0.00000000000000000e+00, 0.00000000000000000e+00},
    {0.00000000000000000e+00, 1.00000000000000000e+00, 0.00000000000000000e+00, 0.00000000000000000e+00, 0.00000000000000000e+00, 0.00000000000000000e+00, 0.00000000000000000e+00, 1.00000000000000002e-02, 0.00000000000000000e+00, 0.00000000000000000e+00, 0.00000000000000000e+00, 0.00000000000000000e+00, 0.00000000000000000e+00, 5.00000000000000024e-05, 0.00000000000000000e+00},
    {0.00000000000000000e+00, 0.00000000000000000e+00, 1.00000000000000000e+00, 0.00000000000000000e+00, 0.00000000000000000e+00, 0.00000000000000000e+00, 0.00000000000000000e+00, 0.00000000000000000e+00, 1.00000000000000002e-02, 0.00000000000000000e+00, 0.00000000000000000e+00, 0.00000000000000000e+00, 0.00000000000000000e+00, 0.00000000000000000e+00, 5.00000000000000024e-05},
    {0.00000000000000000e+00, 0.00000000000000000e+00, 0.00000000000000000e+00, 1.00000000000000000e+00, 0.00000000000000000e+00, 0.00000000000000000e+00, 0.00000000000000000e+00, 0.00000000000000000e+00, 0.00000000000000000e+00, 1.00000000000000002e-02, 0.00000000000000000e+00, 0.00000000000000000e+00, 0.00000000000000000e+00, 0.00000000000000000e+00, 0.00000000000000000e+00},
    {0.00000000000000000e+00, 0.00000000000000000e+00, 0.00000000000000000e+00, 0.00000000000000000e+00, 1.00000000000000000e+00, 0.00000000000000000e+00, 0.00000000000000000e+00, 0.00000000000000000e+00, 0.00000000000000000e+00, 0.00000000000000000e+00, 1.00000000000000002e-02, 0.00000000000000000e+00, 0.00000000000000000e+00, 0.00000000000000000e+00, 0.00000000000000000e+00},
    {0.00000000000000000e+00, 0.00000000000000000e+00, 0.00000000000000000e+00, 0.00000000000000000e+00, 0.00000000000000000e+00, 1.00000000000000000e+00, 0.00000000000000000e+00, 0.00000000000000000e+00, 0.00000000000000000e+00, 0.00000000000000000e+00, 0.00000000000000000e+00, 1.00000000000000002e-02, 0.00000000000000000e+00, 0.00000000000000000e+00, 0.00000000000000000e+00},
    {0.00000000000000000e+00, 0.00000000000000000e+00, 0.00000000000000000e+00, 0.00000000000000000e+00, 0.00000000000000000e+00, 0.00000000000000000e+00, 1.00000000000000000e+00, 0.00000000000000000e+00, 0.00000000000000000e+00, 0.00000000000000000e+00, 0.00000000000000000e+00, 0.00000000000000000e+00, 1.00000000000000002e-02, 0.00000000000000000e+00, 0.00000000000000000e+00},
    {0.00000000000000000e+00, 0.00000000000000000e+00, 0.00000000000000000e+00, 0.00000000000000000e+00, 0.00000000000000000e+00, 0.00000000000000000e+00, 0.00000000000000000e+00, 1.00000000000000000e+00, 0.00000000000000000e+00, 0.00000000000000000e+00, 0.00000000000000000e+00, 0.00000000000000000e+00, 0.00000000000000000e+00, 1.00000000000000002e-02, 0.00000000000000000e+00},
    {0.00000000000000000e+00, 0.00000000000000000e+00, 0.00000000000000000e+00, 0.00000000000000000e+00, 0.00000000000000000e+00, 0.00000000000000000e+00, 0.00000000000000000e+00, 0.00000000000000000e+00, 1.00000000000000000e+00, 0.00000000000000000e+00, 0.00000000000000000e+00, 0.00000000000000000e+00, 0.00000000000000000e+00, 0.00000000000000000e+00, 1.00000000000000002e-02},
    {0.00000000000000000e+00, 0.00000000000000000e+00, 0.00000000000000000e+00, 0.00000000000000000e+00, 0.00000000000000000e+00, 0.00000000000000000e+00, 0.00000000000000000e+00, 0.00000000000000000e+00, 0.00000000000000000e+00, 1.00000000000000000e+00, 0.00000000000000000e+00, 0.00000000000000000e+00, 0.00000000000000000e+00, 0.00000000000000000e+00, 0.00000000000000000e+00},
    {0.00000000000000000e+00, 0.00000000000000000e+00, 0.00000000000000000e+00, 0.00000000000000000e+00, 0.00000000000000000e+00, 0.00000000000000000e+00, 0.00000000000000000e+00, 0.00000000000000000e+00, 0.00000000000000000e+00, 0.00000000000000000e+00, 1.00000000000000000e+00, 0.00000000000000000e+00, 0.00000000000000000e+00, 0.00000000000000000e+00, 0.00000000000000000e+00},
    {0.00000000000000000e+00, 0.00000000000000000e+00, 0.00000000000000000e+00, 0.00000000000000000e+00, 0.00000000000000000e+00, 0.00000000000000000e+00, 0.00000000000000000e+00, 0.00000000000000000e+00, 0.00000000000000000e+00, 0.00000000000000000e+00, 0.00000000000000000e+00, 1.00000000000000000e+00, 0.00000000000000000e+00, 0.00000000000000000e+00, 0.00000000000000000e+00},
    {0.00000000000000000e+00, 0.00000000000000000e+00, 0.00000000000000000e+00, 0.00000000000000000e+00, 0.00000000000000000e+00, 0.00000000000000000e+00, 0.00000000000000000e+00, 0.00000000000000000e+00, 0.00000000000000000e+00, 0.00000000000000000e+00, 0.00000000000000000e+00, 0.00000000000000000e+00, 1.00000000000000000e+00, 0.00000000000000000e+00, 0.00000000000000000e+00},
    {0.00000000000000000e+00, 0.00000000000000000e+00, 0.00000000000000000e+00, 0.00000000000000000e+00, 0.00000000000000000e+00, 0.00000000000000000e+00, 0.00000000000000000e+00, 0.00000000000000000e+00, 0.00000000000000000e+00, 0.00000000000000000e+00, 0.00000000000000000e+00, 0.00000000000000000e+00, 0.00000000000000000e+00, 1.00000000000000000e+00, 0.00000000000000000e+00},
    {0.00000000000000000e+00, 0.00000000000000000e+00, 0.00000000000000000e+00, 0.00000000000000000e+00, 0.00000000000000000e+00, 0.00000000000000000e+00, 0.00000000000000000e+00, 0.00000000000000000e+00, 0.00000000000000000e+00, 0.00000000000000000e+00, 0.00000000000000000e+00, 0.00000000000000000e+00, 0.00000000000000000e+00, 0.00000000000000000e+00, 1.00000000000000000e+00}
};

static const double export_B_kalman[15][4] = {
    {0.00000000000000000e+00, 0.00000000000000000e+00, 0.00000000000000000e+00, 0.00000000000000000e+00},
    {0.00000000000000000e+00, 0.00000000000000000e+00, 0.00000000000000000e+00, 0.00000000000000000e+00},
    {1.08695652173913034e-04, 0.00000000000000000e+00, 0.00000000000000000e+00, 0.00000000000000000e+00},
    {0.00000000000000000e+00, 2.23214285714285685e-02, 0.00000000000000000e+00, 0.00000000000000000e+00},
    {0.00000000000000000e+00, 0.00000000000000000e+00, 1.72413793103448273e-02, 0.00000000000000000e+00},
    {0.00000000000000000e+00, 0.00000000000000000e+00, 0.00000000000000000e+00, 9.43396226415094304e-03},
    {0.00000000000000000e+00, 0.00000000000000000e+00, 0.00000000000000000e+00, 0.00000000000000000e+00},
    {0.00000000000000000e+00, 0.00000000000000000e+00, 0.00000000000000000e+00, 0.00000000000000000e+00},
    {2.17391304347826081e-02, 0.00000000000000000e+00, 0.00000000000000000e+00, 0.00000000000000000e+00},
    {0.00000000000000000e+00, 4.46428571428571441e+00, 0.00000000000000000e+00, 0.00000000000000000e+00},
    {0.00000000000000000e+00, 0.00000000000000000e+00, 3.44827586206896575e+00, 0.00000000000000000e+00},
    {0.00000000000000000e+00, 0.00000000000000000e+00, 0.00000000000000000e+00, 1.88679245283018870e+00},
    {0.00000000000000000e+00, 0.00000000000000000e+00, 0.00000000000000000e+00, 0.00000000000000000e+00},
    {0.00000000000000000e+00, 0.00000000000000000e+00, 0.00000000000000000e+00, 0.00000000000000000e+00},
    {0.00000000000000000e+00, 0.00000000000000000e+00, 0.00000000000000000e+00, 0.00000000000000000e+00}
};

static const double export_C_kalman[12][15] = {
    {1.00000000000000000e+00, 0.00000000000000000e+00, 0.00000000000000000e+00, 0.00000000000000000e+00, 0.00000000000000000e+00, 0.00000000000000000e+00, 0.00000000000000000e+00, 0.00000000000000000e+00, 0.00000000000000000e+00, 0.00000000000000000e+00, 0.00000000000000000e+00, 0.00000000000000000e+00, 0.00000000000000000e+00, 0.00000000000000000e+00, 0.00000000000000000e+00},
    {0.00000000000000000e+00, 1.00000000000000000e+00, 0.00000000000000000e+00, 0.00000000000000000e+00, 0.00000000000000000e+00, 0.00000000000000000e+00, 0.00000000000000000e+00, 0.00000000000000000e+00, 0.00000000000000000e+00, 0.00000000000000000e+00, 0.00000000000000000e+00, 0.00000000000000000e+00, 0.00000000000000000e+00, 0.00000000000000000e+00, 0.00000000000000000e+00},
    {0.00000000000000000e+00, 0.00000000000000000e+00, 1.00000000000000000e+00, 0.00000000000000000e+00, 0.00000000000000000e+00, 0.00000000000000000e+00, 0.00000000000000000e+00, 0.00000000000000000e+00, 0.00000000000000000e+00, 0.00000000000000000e+00, 0.00000000000000000e+00, 0.00000000000000000e+00, 0.00000000000000000e+00, 0.00000000000000000e+00, 0.00000000000000000e+00},
    {0.00000000000000000e+00, 0.00000000000000000e+00, 0.00000000000000000e+00, 1.00000000000000000e+00, 0.00000000000000000e+00, 0.00000000000000000e+00, 0.00000000000000000e+00, 0.00000000000000000e+00, 0.00000000000000000e+00, 0.00000000000000000e+00, 0.00000000000000000e+00, 0.00000000000000000e+00, 0.00000000000000000e+00, 0.00000000000000000e+00, 0.00000000000000000e+00},
    {0.00000000000000000e+00, 0.00000000000000000e+00, 0.00000000000000000e+00, 0.00000000000000000e+00, 1.00000000000000000e+00, 0.00000000000000000e+00, 0.00000000000000000e+00, 0.00000000000000000e+00, 0.00000000000000000e+00, 0.00000000000000000e+00, 0.00000000000000000e+00, 0.00000000000000000e+00, 0.00000000000000000e+00, 0.00000000000000000e+00, 0.00000000000000000e+00},
    {0.00000000000000000e+00, 0.00000000000000000e+00, 0.00000000000000000e+00, 0.00000000000000000e+00, 0.00000000000000000e+00, 1.00000000000000000e+00, 0.00000000000000000e+00, 0.00000000000000000e+00, 0.00000000000000000e+00, 0.00000000000000000e+00, 0.00000000000000000e+00, 0.00000000000000000e+00, 0.00000000000000000e+00, 0.00000000000000000e+00, 0.00000000000000000e+00},
    {0.00000000000000000e+00, 0.00000000000000000e+00, 0.00000000000000000e+00, 0.00000000000000000e+00, 0.00000000000000000e+00, 0.00000000000000000e+00, 0.00000000000000000e+00, 0.00000000000000000e+00, 0.00000000000000000e+00, 1.00000000000000000e+00, 0.00000000000000000e+00, 0.00000000000000000e+00, 0.00000000000000000e+00, 0.00000000000000000e+00, 0.00000000000000000e+00},
    {0.00000000000000000e+00, 0.00000000000000000e+00, 0.00000000000000000e+00, 0.00000000000000000e+00, 0.00000000000000000e+00, 0.00000000000000000e+00, 0.00000000000000000e+00, 0.00000000000000000e+00, 0.00000000000000000e+00, 0.00000000000000000e+00, 1.00000000000000000e+00, 0.00000000000000000e+00, 0.00000000000000000e+00, 0.00000000000000000e+00, 0.00000000000000000e+00},
    {0.00000000000000000e+00, 0.00000000000000000e+00, 0.00000000000000000e+00, 0.00000000000000000e+00, 0.00000000000000000e+00, 0.00000000000000000e+00, 0.00000000000000000e+00, 0.00000000000000000e+00, 0.00000000000000000e+00, 0.00000000000000000e+00, 0.00000000000000000e+00, 1.00000000000000000e+00, 0.00000000000000000e+00, 0.00000000000000000e+00, 0.00000000000000000e+00},
    {0.00000000000000000e+00, 0.00000000000000000e+00, 0.00000000000000000e+00, 0.00000000000000000e+00, -9.81000000000000050e+00, 0.00000000000000000e+00, 0.00000000000000000e+00, 0.00000000000000000e+00, 0.00000000000000000e+00, 0.00000000000000000e+00, 0.00000000000000000e+00, 0.00000000000000000e+00, 1.00000000000000000e+00, 0.00000000000000000e+00, 0.00000000000000000e+00},
    {0.00000000000000000e+00, 0.00000000000000000e+00, 0.00000000000000000e+00, 9.81000000000000050e+00, 0.00000000000000000e+00, 0.00000000000000000e+00, 0.00000000000000000e+00, 0.00000000000000000e+00, 0.00000000000000000e+00, 0.00000000000000000e+00, 0.00000000000000000e+00, 0.00000000000000000e+00, 0.00000000000000000e+00, 1.00000000000000000e+00, 0.00000000000000000e+00},
    {0.00000000000000000e+00, 0.00000000000000000e+00, 0.00000000000000000e+00, 0.00000000000000000e+00, 0.00000000000000000e+00, 0.00000000000000000e+00, 0.00000000000000000e+00, 0.00000000000000000e+00, 0.00000000000000000e+00, 0.00000000000000000e+00, 0.00000000000000000e+00, 0.00000000000000000e+00, 0.00000000000000000e+00, 0.00000000000000000e+00, 1.00000000000000000e+00}
};

static const double export_K_kalman[15][12] = {
    {1.59035031903875801e-01, -3.17988862762683013e-17, -1.17397091728637904e-16, 1.64472877590913446e-16, 3.18124845843605422e-04, -2.49686459129074533e-15, 6.86320615526227619e-15, -1.78823718086006695e-06, 1.36930259675877615e-15, 3.12123995345407362e-11, -9.18342303738194973e-20, 1.64496226287982709e-19},
    {-3.17988862762683013e-17, 1.59035033769406697e-01, -1.88080923962274653e-16, -4.11807003533271904e-06, -6.21160894720701841e-15, -9.91788836121072027e-15, 2.06927012726915067e-08, 1.73260571709228776e-14, -1.24702647877004901e-14, 2.19051866538193801e-19, 4.03985858813830065e-11, -2.02139082460129234e-19},
    {-1.17397091728637928e-16, -1.88080923962274653e-16, 1.59034800454941061e-01, -1.12912919455150646e-16, 4.35574778895002666e-16, 6.90182340320877237e-16, 6.84832235746319036e-16, -3.90963132571706051e-15, -2.22729532468447238e-15, 6.96682030797258265e-20, -1.51197168372561505e-19, 4.20479316442150745e-15},
    {1.64472877590829185e-19, -4.11807003533267579e-09, -1.12912919455287946e-19, 9.90194210756473181e-01, -7.49202040686827088e-18, -2.20857799351001379e-19, 8.51519081776691237e-06, -3.14488744675085935e-18, 2.80740068205298876e-18, -2.57855276470148929e-22, 9.61855367734683040e-08, -9.15409288682380991e-24},
    {3.18124845843605632e-07, -6.21160894720643877e-18, 4.35574778895189003e-19, -7.49202040686475336e-18, 6.18034125699565395e-01, 6.58226955327930272e-16, -3.74188653792256770e-17, 5.02438823168187059e-04, 3.25658978424748075e-17, -3.74708660111166279e-08, -2.79693978698411145e-21, 5.97008292697311656e-22},
    {-2.49686459129074546e-18, -9.91788836121071706e-18, 6.90182340320876529e-19, -2.20857799349711776e-19, 6.58226955327929680e-16, 6.18034290231445405e-01, -1.51824009117168739e-15, 2.62647263032996028e-16, 5.02438975165097235e-04, 5.65238569960396654e-23, -5.66622902906441054e-22, -1.90056867307686513e-22},
    {9.17045802954415845e-01, -8.84015227403572095e-16, -2.08385639265268695e-15, -1.21164170054130747e-15, 3.69095606940097257e-02, -1.51182637661606248e-14, 8.62280775765455319e-14, -2.58250736376532575e-05, 1.63533179090641223e-14, 3.62182238738415826e-09, -1.34981229730566054e-19, 2.14633922567167547e-19},
    {-5.63596467661535809e-16, 9.17045832796520077e-01, -3.74476376000932971e-15, -9.57412840569901052e-04, -1.04328173378092553e-13, 2.20085609648216909e-14, 5.97722339346074524e-07, 2.31514156676001263e-13, -4.57856279604062023e-16, -7.00955511958050998e-19, 9.39231155446877035e-09, -4.03773879253733488e-18},
    {-6.20626716043946562e-16, -2.61001266685959670e-15, 9.17041547797054712e-01, 3.22546798927368393e-16, -2.46669201090772517e-15, -3.36585486661765983e-15, 2.74131338243106749e-13, -6.26430472199694070e-14, -1.58502719715022391e-13, 3.77750848016523945e-18, -2.10712745634957608e-18, 9.95414042107883924e-13},
    {6.86320615526227444e-19, 2.06927012726915089e-12, 6.84832235746319071e-20, 8.51519081776692571e-07, -3.74188653793107907e-18, -1.51824009117168739e-16, 9.51249178913092935e-02, 3.14160471590965060e-17, 7.25871041037241659e-16, 1.49780351501050916e-21, 9.06610725234795248e-14, -8.13846938356761734e-22},
    {-1.78823718086006696e-10, 1.73260571709228756e-18, -3.90963132571706066e-19, -3.14488744665520428e-19, 5.02438823168186802e-05, 2.62647263032996028e-17, 3.14160471590964998e-17, 9.51245572335740613e-02, 1.16199945210850741e-16, -3.51510801984573019e-12, -6.02146741449573641e-21, -4.31960401752217661e-23},
    {1.36930259675877610e-19, -1.24702647877004893e-18, -2.22729532468447289e-19, 2.80740068203695954e-19, 3.25658978424820868e-18, 5.02438975165097275e-05, 7.25871041037241758e-16, 1.16199945210850766e-16, 9.51245572335879669e-02, -1.45087327078368616e-22, 2.36181556008058909e-21, -2.26833519053386827e-21},
    {3.12080473803789443e-06, -6.09358815815808810e-17, 4.27298927764216429e-18, -7.34967227698901560e-17, 6.06291477273803014e+00, 6.45720643233223306e-15, -3.67078919590692901e-16, 4.92892485492840357e-03, 3.19471443325995624e-16, 9.99999632310804576e-01, -2.74379792834759778e-20, 5.85665134582415818e-21},
    {-1.61347984751070225e-18, 4.03982674505997479e-08, 1.10767422788266110e-18, -9.71380520655914559e+00, 7.34966922219307859e-17, 2.16660934540914984e-18, -8.35340219132280038e-05, 3.08507437041157576e-17, -2.75403645092381758e-17, 2.52956029320909238e-21, 9.99999056319884283e-01, 8.98169373388612319e-23},
    {1.64496115855944177e-24, -2.02138980531280419e-24, 4.20479169815432021e-20, -9.15411943788829572e-26, 5.97008670893813381e-24, -1.90056786906915402e-24, -8.13846969988620045e-23, -4.31960667948576584e-24, -2.26833280359927236e-22, -3.15544362088404722e-30, 1.52861152130652240e-26, 9.99999999899999992e-01}
};

static const double export_K_lqi[3][9] = {
    {9.99572355630156395e-02, 2.63617592492497363e-16, 1.91169728359112724e-16, 2.31676208439724231e-02, 4.30132238134502277e-17, 5.10313171864863482e-17, -2.11990516013728855e-02, -3.14632604517882304e-16, -2.12171623388292284e-15},
    {2.50266784865704526e-16, 1.01257638900460328e-01, -7.92966269085126775e-16, 3.08914227728992543e-17, 2.60241451890203361e-02, -1.09289944978739121e-16, -6.44308092855431102e-16, -2.13541999137785363e-02, -8.02676726159280460e-16},
    {8.41351285378910324e-16, -5.58985892078039236e-15, 2.01614541028708572e-01, 2.09200747230547391e-17, -2.23847523143974946e-16, 4.99565216321440353e-02, -3.80855437958870127e-15, 7.38925200081071664e-16, -4.26061126258277245e-02}
};

static const double export_Q_Terminal[9][9] = {
    {1.07660839846869840e+03, -3.10498428275577710e-14, 5.04328743141085022e-13, 1.44710884102446840e+02, 8.29219688572035233e-14, 1.43352905508018815e-13, -8.88495508263720239e+02, 5.56024118165745493e-12, 2.29042259011705297e-12},
    {-3.10498428275577710e-14, 9.85720981300986409e+02, -9.29419544368473241e-12, 6.71178262350667020e-13, 1.33658569374212732e+02, -8.84706764397745411e-13, 3.03263872936619406e-12, -7.58610393457222472e+02, 3.66664415755478322e-11},
    {5.04328743141085022e-13, -9.29419544368473241e-12, 8.33066107847557419e+02, -5.17486418293140637e-14, -9.83469014707548644e-13, 7.76489771292256705e+01, -1.69356265257798070e-12, 6.11354064519433085e-12, -5.08967537529119625e+02},
    {1.44710884102446840e+02, 6.71178262350667020e-13, -5.17486418293140637e-14, 1.20954162480016763e+02, 1.46053685077542230e-13, 6.90402619043949984e-15, -1.09005947219690313e+02, 1.30471436318786333e-13, 4.55471898504909275e-13},
    {8.29219688572035233e-14, 1.33658569374212732e+02, -9.83469014707548644e-13, 1.46053685077542230e-13, 1.19590268491039367e+02, -7.40143624791122998e-14, 8.97985044351323510e-13, -9.43287178092521117e+01, 3.82567106111928006e-12},
    {1.43352905508018815e-13, -8.84706764397745411e-13, 7.76489771292256705e+01, 6.90402619043949984e-15, -7.40143624791122998e-14, 2.97986141146299310e+01, -3.20433044804995583e-13, 5.51851967450900975e-13, -4.99645537211006712e+01},
    {-8.88495508263720239e+02, 3.03263872936619406e-12, -1.69356265257798070e-12, -1.09005947219690313e+02, 8.97985044351323510e-13, -3.20433044804995583e-13, 1.38435040994761653e+03, -8.42321088775063181e-12, 1.64193884188411693e-12},
    {5.56024118165745493e-12, -7.58610393457222472e+02, 6.11354064519433085e-12, 1.30471436318786333e-13, -9.43287178092521117e+01, 5.51851967450900975e-13, -8.42321088775063181e-12, 1.10524146692250724e+03, -2.20881326827792849e-11},
    {2.29042259011705297e-12, 3.66664415755478322e-11, -5.08967537529119625e+02, 4.55471898504909275e-13, 3.82567106111928006e-12, -4.99645537211006712e+01, 1.64193884188411693e-12, -2.20881326827792849e-11, 1.63758781648708532e+03}
};

#endif // GAINS_H
