#ifndef GAINS_H
#define GAINS_H

/* ========================================================================= */
/* AUTOMATICALLY GENERATED FILE FROM MATLAB MAGNOLIA TOOL - DO NOT EDIT      */
/* ========================================================================= */

#define PARAM_G 9.810000000000000
#define PARAM_IX 2.240000000000000e-03
#define PARAM_IY 2.900000000000000e-03
#define PARAM_IZ 5.300000000000000e-03
#define PARAM_M 0.460000000000000
#define PARAM_L 0.127000000000000
#define PARAM_TI_MIN 0.000000000000000
#define PARAM_TI_MAX 2.500000000000000
#define PARAM_F_PLANT 200.000000000000000
#define PARAM_IX_TILDE 2.240000000000000e-03
#define PARAM_IY_TILDE 2.900000000000000e-03
#define PARAM_IZ_TILDE 5.300000000000000e-03
#define PARAM_M_TILDE 0.460000000000000
#define PARAM_L_TILDE 0.127000000000000
#define PARAM_CI 0.015000000000000
#define PARAM_T_MIN -4.512600000000001
#define PARAM_T_MAX 5.487399999999999

#define PARAM_F_KALMAN 100.000000000000000
#define PARAM_F_LQI 100.000000000000000
#define PARAM_F_MPC 10.000000000000000
#define PARAM_NP 30
#define PARAM_NC 10
#define PARAM_NX 9
#define PARAM_NU 3

#define PARAM_SIGMA_POS 0.001000000000000
#define PARAM_LATENCY_MOCAP 0.010000000000000
#define PARAM_F_MOCAP 100.000000000000000
#define PARAM_SIGMA_OMEGA 0.010000000000000
#define PARAM_B_GYRO 3.490658503988659e-04
#define PARAM_F_C_GYRO 30.000000000000000
#define PARAM_F_GYRO 200.000000000000000
#define PARAM_SIGMA_ACC 0.100000000000000
#define PARAM_B_ACC 0.150000000000000
#define PARAM_F_ACC 200.000000000000000
#define PARAM_M_N 22.300000000000001
#define PARAM_M_E 0.000000000000000
#define PARAM_M_D 41.939999999999998
#define PARAM_SIGMA_MAG 0.600000000000000
#define PARAM_F_MAG 50.000000000000000
#define PARAM_F_MAHONY 200.000000000000000
#define PARAM_KP_MAHONY 0.500000000000000
#define PARAM_KI_MAHONY 0.010000000000000
#define PARAM_TAU_M 0.030000000000000

static const double export_X_max[9] = {1.000000000000000e+03, 1.000000000000000e+03, 1.000000000000000e+03, 1.000000000000000e+03, 1.000000000000000e+03, 1.000000000000000e+03, 1.000000000000000e+03, 1.000000000000000e+03, 1.000000000000000e+03};

static const double export_X_min[9] = {-1.000000000000000e+03, -1.000000000000000e+03, -1.000000000000000e+03, -1.000000000000000e+03, -1.000000000000000e+03, -1.000000000000000e+03, -1.000000000000000e+03, -1.000000000000000e+03, -1.000000000000000e+03};

static const double export_U_max[3] = {5.487399999999999e+00, 3.490658503988659e-01, 3.490658503988659e-01};

static const double export_U_min[3] = {-4.512600000000001e+00, -3.490658503988659e-01, -3.490658503988659e-01};

static const double export_Q_mpc[9] = {1.000000000000000e+00, 1.000000000000000e+00, 1.000000000000000e+00, 5.000000000000000e+03, 5.000000000000000e+03, 1.000000000000000e+03, 5.000000000000000e+03, 5.000000000000000e+03, 1.000000000000000e+02};

static const double export_B_mag[3][1] = {
    {1.500000000000000e-01},
    {-2.500000000000000e-01},
    {1.000000000000000e-01}
};

static const double export_A_mag[3][3] = {
    {1.005000000000000e+00, 2.000000000000000e-03, 1.000000000000000e-03},
    {2.000000000000000e-03, 9.980000000000000e-01, 3.000000000000000e-03},
    {1.000000000000000e-03, 3.000000000000000e-03, 1.002000000000000e+00}
};

static const double export_M_T_u[4][4] = {
    {1.000000000000000e+00, 1.000000000000000e+00, 1.000000000000000e+00, 1.000000000000000e+00},
    {1.270000000000000e-01, -1.270000000000000e-01, -1.270000000000000e-01, 1.270000000000000e-01},
    {-1.270000000000000e-01, -1.270000000000000e-01, 1.270000000000000e-01, 1.270000000000000e-01},
    {1.500000000000000e-02, -1.500000000000000e-02, 1.500000000000000e-02, -1.500000000000000e-02}
};

static const double export_M_u_T[4][4] = {
    {2.500000000000000e-01, 1.968503937007874e+00, -1.968503937007874e+00, 1.666666666666667e+01},
    {2.500000000000000e-01, -1.968503937007874e+00, -1.968503937007874e+00, -1.666666666666667e+01},
    {2.500000000000000e-01, -1.968503937007874e+00, 1.968503937007874e+00, 1.666666666666667e+01},
    {2.500000000000000e-01, 1.968503937007874e+00, 1.968503937007874e+00, -1.666666666666667e+01}
};

static const double export_A_kalman[15][15] = {
    {1.000000000000000e+00, 0.000000000000000e+00, 0.000000000000000e+00, 0.000000000000000e+00, 0.000000000000000e+00, 0.000000000000000e+00, 1.000000000000000e-02, 0.000000000000000e+00, 0.000000000000000e+00, 0.000000000000000e+00, 0.000000000000000e+00, 0.000000000000000e+00, 5.000000000000000e-05, 0.000000000000000e+00, 0.000000000000000e+00},
    {0.000000000000000e+00, 1.000000000000000e+00, 0.000000000000000e+00, 0.000000000000000e+00, 0.000000000000000e+00, 0.000000000000000e+00, 0.000000000000000e+00, 1.000000000000000e-02, 0.000000000000000e+00, 0.000000000000000e+00, 0.000000000000000e+00, 0.000000000000000e+00, 0.000000000000000e+00, 5.000000000000000e-05, 0.000000000000000e+00},
    {0.000000000000000e+00, 0.000000000000000e+00, 1.000000000000000e+00, 0.000000000000000e+00, 0.000000000000000e+00, 0.000000000000000e+00, 0.000000000000000e+00, 0.000000000000000e+00, 1.000000000000000e-02, 0.000000000000000e+00, 0.000000000000000e+00, 0.000000000000000e+00, 0.000000000000000e+00, 0.000000000000000e+00, 5.000000000000000e-05},
    {0.000000000000000e+00, 0.000000000000000e+00, 0.000000000000000e+00, 1.000000000000000e+00, 0.000000000000000e+00, 0.000000000000000e+00, 0.000000000000000e+00, 0.000000000000000e+00, 0.000000000000000e+00, 1.000000000000000e-02, 0.000000000000000e+00, 0.000000000000000e+00, 0.000000000000000e+00, 0.000000000000000e+00, 0.000000000000000e+00},
    {0.000000000000000e+00, 0.000000000000000e+00, 0.000000000000000e+00, 0.000000000000000e+00, 1.000000000000000e+00, 0.000000000000000e+00, 0.000000000000000e+00, 0.000000000000000e+00, 0.000000000000000e+00, 0.000000000000000e+00, 1.000000000000000e-02, 0.000000000000000e+00, 0.000000000000000e+00, 0.000000000000000e+00, 0.000000000000000e+00},
    {0.000000000000000e+00, 0.000000000000000e+00, 0.000000000000000e+00, 0.000000000000000e+00, 0.000000000000000e+00, 1.000000000000000e+00, 0.000000000000000e+00, 0.000000000000000e+00, 0.000000000000000e+00, 0.000000000000000e+00, 0.000000000000000e+00, 1.000000000000000e-02, 0.000000000000000e+00, 0.000000000000000e+00, 0.000000000000000e+00},
    {0.000000000000000e+00, 0.000000000000000e+00, 0.000000000000000e+00, 0.000000000000000e+00, 0.000000000000000e+00, 0.000000000000000e+00, 1.000000000000000e+00, 0.000000000000000e+00, 0.000000000000000e+00, 0.000000000000000e+00, 0.000000000000000e+00, 0.000000000000000e+00, 1.000000000000000e-02, 0.000000000000000e+00, 0.000000000000000e+00},
    {0.000000000000000e+00, 0.000000000000000e+00, 0.000000000000000e+00, 0.000000000000000e+00, 0.000000000000000e+00, 0.000000000000000e+00, 0.000000000000000e+00, 1.000000000000000e+00, 0.000000000000000e+00, 0.000000000000000e+00, 0.000000000000000e+00, 0.000000000000000e+00, 0.000000000000000e+00, 1.000000000000000e-02, 0.000000000000000e+00},
    {0.000000000000000e+00, 0.000000000000000e+00, 0.000000000000000e+00, 0.000000000000000e+00, 0.000000000000000e+00, 0.000000000000000e+00, 0.000000000000000e+00, 0.000000000000000e+00, 1.000000000000000e+00, 0.000000000000000e+00, 0.000000000000000e+00, 0.000000000000000e+00, 0.000000000000000e+00, 0.000000000000000e+00, 1.000000000000000e-02},
    {0.000000000000000e+00, 0.000000000000000e+00, 0.000000000000000e+00, 0.000000000000000e+00, 0.000000000000000e+00, 0.000000000000000e+00, 0.000000000000000e+00, 0.000000000000000e+00, 0.000000000000000e+00, 1.000000000000000e+00, 0.000000000000000e+00, 0.000000000000000e+00, 0.000000000000000e+00, 0.000000000000000e+00, 0.000000000000000e+00},
    {0.000000000000000e+00, 0.000000000000000e+00, 0.000000000000000e+00, 0.000000000000000e+00, 0.000000000000000e+00, 0.000000000000000e+00, 0.000000000000000e+00, 0.000000000000000e+00, 0.000000000000000e+00, 0.000000000000000e+00, 1.000000000000000e+00, 0.000000000000000e+00, 0.000000000000000e+00, 0.000000000000000e+00, 0.000000000000000e+00},
    {0.000000000000000e+00, 0.000000000000000e+00, 0.000000000000000e+00, 0.000000000000000e+00, 0.000000000000000e+00, 0.000000000000000e+00, 0.000000000000000e+00, 0.000000000000000e+00, 0.000000000000000e+00, 0.000000000000000e+00, 0.000000000000000e+00, 1.000000000000000e+00, 0.000000000000000e+00, 0.000000000000000e+00, 0.000000000000000e+00},
    {0.000000000000000e+00, 0.000000000000000e+00, 0.000000000000000e+00, 0.000000000000000e+00, 0.000000000000000e+00, 0.000000000000000e+00, 0.000000000000000e+00, 0.000000000000000e+00, 0.000000000000000e+00, 0.000000000000000e+00, 0.000000000000000e+00, 0.000000000000000e+00, 1.000000000000000e+00, 0.000000000000000e+00, 0.000000000000000e+00},
    {0.000000000000000e+00, 0.000000000000000e+00, 0.000000000000000e+00, 0.000000000000000e+00, 0.000000000000000e+00, 0.000000000000000e+00, 0.000000000000000e+00, 0.000000000000000e+00, 0.000000000000000e+00, 0.000000000000000e+00, 0.000000000000000e+00, 0.000000000000000e+00, 0.000000000000000e+00, 1.000000000000000e+00, 0.000000000000000e+00},
    {0.000000000000000e+00, 0.000000000000000e+00, 0.000000000000000e+00, 0.000000000000000e+00, 0.000000000000000e+00, 0.000000000000000e+00, 0.000000000000000e+00, 0.000000000000000e+00, 0.000000000000000e+00, 0.000000000000000e+00, 0.000000000000000e+00, 0.000000000000000e+00, 0.000000000000000e+00, 0.000000000000000e+00, 1.000000000000000e+00}
};

static const double export_B_kalman[15][4] = {
    {0.000000000000000e+00, 0.000000000000000e+00, 0.000000000000000e+00, 0.000000000000000e+00},
    {0.000000000000000e+00, 0.000000000000000e+00, 0.000000000000000e+00, 0.000000000000000e+00},
    {1.086956521739130e-04, 0.000000000000000e+00, 0.000000000000000e+00, 0.000000000000000e+00},
    {0.000000000000000e+00, 2.232142857142857e-02, 0.000000000000000e+00, 0.000000000000000e+00},
    {0.000000000000000e+00, 0.000000000000000e+00, 1.724137931034483e-02, 0.000000000000000e+00},
    {0.000000000000000e+00, 0.000000000000000e+00, 0.000000000000000e+00, 9.433962264150943e-03},
    {0.000000000000000e+00, 0.000000000000000e+00, 0.000000000000000e+00, 0.000000000000000e+00},
    {0.000000000000000e+00, 0.000000000000000e+00, 0.000000000000000e+00, 0.000000000000000e+00},
    {2.173913043478261e-02, 0.000000000000000e+00, 0.000000000000000e+00, 0.000000000000000e+00},
    {0.000000000000000e+00, 4.464285714285714e+00, 0.000000000000000e+00, 0.000000000000000e+00},
    {0.000000000000000e+00, 0.000000000000000e+00, 3.448275862068966e+00, 0.000000000000000e+00},
    {0.000000000000000e+00, 0.000000000000000e+00, 0.000000000000000e+00, 1.886792452830189e+00},
    {0.000000000000000e+00, 0.000000000000000e+00, 0.000000000000000e+00, 0.000000000000000e+00},
    {0.000000000000000e+00, 0.000000000000000e+00, 0.000000000000000e+00, 0.000000000000000e+00},
    {0.000000000000000e+00, 0.000000000000000e+00, 0.000000000000000e+00, 0.000000000000000e+00}
};

static const double export_C_kalman[12][15] = {
    {1.000000000000000e+00, 0.000000000000000e+00, 0.000000000000000e+00, 0.000000000000000e+00, 0.000000000000000e+00, 0.000000000000000e+00, 0.000000000000000e+00, 0.000000000000000e+00, 0.000000000000000e+00, 0.000000000000000e+00, 0.000000000000000e+00, 0.000000000000000e+00, 0.000000000000000e+00, 0.000000000000000e+00, 0.000000000000000e+00},
    {0.000000000000000e+00, 1.000000000000000e+00, 0.000000000000000e+00, 0.000000000000000e+00, 0.000000000000000e+00, 0.000000000000000e+00, 0.000000000000000e+00, 0.000000000000000e+00, 0.000000000000000e+00, 0.000000000000000e+00, 0.000000000000000e+00, 0.000000000000000e+00, 0.000000000000000e+00, 0.000000000000000e+00, 0.000000000000000e+00},
    {0.000000000000000e+00, 0.000000000000000e+00, 1.000000000000000e+00, 0.000000000000000e+00, 0.000000000000000e+00, 0.000000000000000e+00, 0.000000000000000e+00, 0.000000000000000e+00, 0.000000000000000e+00, 0.000000000000000e+00, 0.000000000000000e+00, 0.000000000000000e+00, 0.000000000000000e+00, 0.000000000000000e+00, 0.000000000000000e+00},
    {0.000000000000000e+00, 0.000000000000000e+00, 0.000000000000000e+00, 1.000000000000000e+00, 0.000000000000000e+00, 0.000000000000000e+00, 0.000000000000000e+00, 0.000000000000000e+00, 0.000000000000000e+00, 0.000000000000000e+00, 0.000000000000000e+00, 0.000000000000000e+00, 0.000000000000000e+00, 0.000000000000000e+00, 0.000000000000000e+00},
    {0.000000000000000e+00, 0.000000000000000e+00, 0.000000000000000e+00, 0.000000000000000e+00, 1.000000000000000e+00, 0.000000000000000e+00, 0.000000000000000e+00, 0.000000000000000e+00, 0.000000000000000e+00, 0.000000000000000e+00, 0.000000000000000e+00, 0.000000000000000e+00, 0.000000000000000e+00, 0.000000000000000e+00, 0.000000000000000e+00},
    {0.000000000000000e+00, 0.000000000000000e+00, 0.000000000000000e+00, 0.000000000000000e+00, 0.000000000000000e+00, 1.000000000000000e+00, 0.000000000000000e+00, 0.000000000000000e+00, 0.000000000000000e+00, 0.000000000000000e+00, 0.000000000000000e+00, 0.000000000000000e+00, 0.000000000000000e+00, 0.000000000000000e+00, 0.000000000000000e+00},
    {0.000000000000000e+00, 0.000000000000000e+00, 0.000000000000000e+00, 0.000000000000000e+00, 0.000000000000000e+00, 0.000000000000000e+00, 0.000000000000000e+00, 0.000000000000000e+00, 0.000000000000000e+00, 1.000000000000000e+00, 0.000000000000000e+00, 0.000000000000000e+00, 0.000000000000000e+00, 0.000000000000000e+00, 0.000000000000000e+00},
    {0.000000000000000e+00, 0.000000000000000e+00, 0.000000000000000e+00, 0.000000000000000e+00, 0.000000000000000e+00, 0.000000000000000e+00, 0.000000000000000e+00, 0.000000000000000e+00, 0.000000000000000e+00, 0.000000000000000e+00, 1.000000000000000e+00, 0.000000000000000e+00, 0.000000000000000e+00, 0.000000000000000e+00, 0.000000000000000e+00},
    {0.000000000000000e+00, 0.000000000000000e+00, 0.000000000000000e+00, 0.000000000000000e+00, 0.000000000000000e+00, 0.000000000000000e+00, 0.000000000000000e+00, 0.000000000000000e+00, 0.000000000000000e+00, 0.000000000000000e+00, 0.000000000000000e+00, 1.000000000000000e+00, 0.000000000000000e+00, 0.000000000000000e+00, 0.000000000000000e+00},
    {0.000000000000000e+00, 0.000000000000000e+00, 0.000000000000000e+00, 0.000000000000000e+00, -9.810000000000000e+00, 0.000000000000000e+00, 0.000000000000000e+00, 0.000000000000000e+00, 0.000000000000000e+00, 0.000000000000000e+00, 0.000000000000000e+00, 0.000000000000000e+00, 1.000000000000000e+00, 0.000000000000000e+00, 0.000000000000000e+00},
    {0.000000000000000e+00, 0.000000000000000e+00, 0.000000000000000e+00, 9.810000000000000e+00, 0.000000000000000e+00, 0.000000000000000e+00, 0.000000000000000e+00, 0.000000000000000e+00, 0.000000000000000e+00, 0.000000000000000e+00, 0.000000000000000e+00, 0.000000000000000e+00, 0.000000000000000e+00, 1.000000000000000e+00, 0.000000000000000e+00},
    {0.000000000000000e+00, 0.000000000000000e+00, 0.000000000000000e+00, 0.000000000000000e+00, 0.000000000000000e+00, 0.000000000000000e+00, 0.000000000000000e+00, 0.000000000000000e+00, 0.000000000000000e+00, 0.000000000000000e+00, 0.000000000000000e+00, 0.000000000000000e+00, 0.000000000000000e+00, 0.000000000000000e+00, 1.000000000000000e+00}
};

static const double export_K_kalman[15][12] = {
    {1.590350319038758e-01, -3.179888627626830e-17, -1.173970917286379e-16, 1.644728775909134e-16, 3.181248458436054e-04, -2.496864591290745e-15, 6.863206155262276e-15, -1.788237180860067e-06, 1.369302596758776e-15, 3.121239953454074e-11, -9.183423037381950e-20, 1.644962262879827e-19},
    {-3.179888627626830e-17, 1.590350337694067e-01, -1.880809239622747e-16, -4.118070035332719e-06, -6.211608947207018e-15, -9.917888361210720e-15, 2.069270127269151e-08, 1.732605717092288e-14, -1.247026478770049e-14, 2.190518665381938e-19, 4.039858588138301e-11, -2.021390824601292e-19},
    {-1.173970917286379e-16, -1.880809239622747e-16, 1.590348004549411e-01, -1.129129194551506e-16, 4.355747788950027e-16, 6.901823403208772e-16, 6.848322357463190e-16, -3.909631325717061e-15, -2.227295324684472e-15, 6.966820307972583e-20, -1.511971683725615e-19, 4.204793164421507e-15},
    {1.644728775908292e-19, -4.118070035332676e-09, -1.129129194552879e-19, 9.901942107564732e-01, -7.492020406868271e-18, -2.208577993510014e-19, 8.515190817766912e-06, -3.144887446750859e-18, 2.807400682052989e-18, -2.578552764701489e-22, 9.618553677346830e-08, -9.154092886823810e-24},
    {3.181248458436056e-07, -6.211608947206439e-18, 4.355747788951890e-19, -7.492020406864753e-18, 6.180341256995654e-01, 6.582269553279303e-16, -3.741886537922568e-17, 5.024388231681871e-04, 3.256589784247481e-17, -3.747086601111663e-08, -2.796939786984111e-21, 5.970082926973117e-22},
    {-2.496864591290745e-18, -9.917888361210717e-18, 6.901823403208765e-19, -2.208577993497118e-19, 6.582269553279297e-16, 6.180342902314454e-01, -1.518240091171687e-15, 2.626472630329960e-16, 5.024389751650972e-04, 5.652385699603967e-23, -5.666229029064411e-22, -1.900568673076865e-22},
    {9.170458029544158e-01, -8.840152274035721e-16, -2.083856392652687e-15, -1.211641700541307e-15, 3.690956069400973e-02, -1.511826376616062e-14, 8.622807757654553e-14, -2.582507363765326e-05, 1.635331790906412e-14, 3.621822387384158e-09, -1.349812297305661e-19, 2.146339225671675e-19},
    {-5.635964676615358e-16, 9.170458327965201e-01, -3.744763760009330e-15, -9.574128405699011e-04, -1.043281733780926e-13, 2.200856096482169e-14, 5.977223393460745e-07, 2.315141566760013e-13, -4.578562796040620e-16, -7.009555119580510e-19, 9.392311554468770e-09, -4.037738792537335e-18},
    {-6.206267160439466e-16, -2.610012666859597e-15, 9.170415477970547e-01, 3.225467989273684e-16, -2.466692010907725e-15, -3.365854866617660e-15, 2.741313382431067e-13, -6.264304721996941e-14, -1.585027197150224e-13, 3.777508480165239e-18, -2.107127456349576e-18, 9.954140421078839e-13},
    {6.863206155262274e-19, 2.069270127269151e-12, 6.848322357463191e-20, 8.515190817766926e-07, -3.741886537931079e-18, -1.518240091171687e-16, 9.512491789130929e-02, 3.141604715909651e-17, 7.258710410372417e-16, 1.497803515010509e-21, 9.066107252347952e-14, -8.138469383567617e-22},
    {-1.788237180860067e-10, 1.732605717092288e-18, -3.909631325717061e-19, -3.144887446655204e-19, 5.024388231681868e-05, 2.626472630329960e-17, 3.141604715909650e-17, 9.512455723357406e-02, 1.161999452108507e-16, -3.515108019845730e-12, -6.021467414495736e-21, -4.319604017522177e-23},
    {1.369302596758776e-19, -1.247026478770049e-18, -2.227295324684473e-19, 2.807400682036960e-19, 3.256589784248209e-18, 5.024389751650973e-05, 7.258710410372418e-16, 1.161999452108508e-16, 9.512455723358797e-02, -1.450873270783686e-22, 2.361815560080589e-21, -2.268335190533868e-21},
    {3.120804738037894e-06, -6.093588158158088e-17, 4.272989277642164e-18, -7.349672276989016e-17, 6.062914772738030e+00, 6.457206432332233e-15, -3.670789195906929e-16, 4.928924854928404e-03, 3.194714433259956e-16, 9.999996323108046e-01, -2.743797928347598e-20, 5.856651345824158e-21},
    {-1.613479847510702e-18, 4.039826745059975e-08, 1.107674227882661e-18, -9.713805206559146e+00, 7.349669222193079e-17, 2.166609345409150e-18, -8.353402191322800e-05, 3.085074370411576e-17, -2.754036450923818e-17, 2.529560293209092e-21, 9.999990563198843e-01, 8.981693733886123e-23},
    {1.644961158559442e-24, -2.021389805312804e-24, 4.204791698154320e-20, -9.154119437888296e-26, 5.970086708938134e-24, -1.900567869069154e-24, -8.138469699886200e-23, -4.319606679485766e-24, -2.268332803599272e-22, -3.155443620884047e-30, 1.528611521306522e-26, 9.999999999000000e-01}
};

static const double export_K_lqi[3][9] = {
    {3.971111044274249e-01, -5.649149340968691e-15, -2.746522903254766e-16, 4.120514189016035e-02, -1.468384213889644e-15, -3.911868059866785e-16, -1.816047568866194e+00, 5.831925359361214e-15, -6.787584574259910e-15},
    {-5.050239601455903e-15, 4.343261231598042e-01, 9.706470161265225e-14, -2.334942287817316e-16, 4.912314863824594e-02, 8.765877460538622e-15, 2.954315124968405e-14, -1.830609288105952e+00, -4.110120907353868e-13},
    {-5.736682112980777e-15, -6.342783843950111e-15, 5.348535207273446e-01, -6.221841670156200e-16, -9.390406919538215e-16, 7.397577678730756e-02, 2.747397494052026e-14, 2.721864462048734e-14, -1.860422897088003e+00}
};

static const double export_Q_Terminal[9][9] = {
    {2.588884967992195e+05, 8.567578317423331e-09, 2.647565475213676e-09, 1.707869073999821e+05, 3.252156176336662e-09, 2.896568914202960e-10, -1.399238792701025e+05, -5.806733374629738e-09, -1.025506699271536e-09},
    {8.567578317423331e-09, 2.588884967992407e+05, 1.403790517310178e-09, 3.428973591028042e-09, 1.707869073999874e+05, 1.719353415324737e-10, -7.098545217685686e-09, -1.399238792701166e+05, -5.378388147922246e-10},
    {2.647565475213676e-09, 1.403790517310178e-09, 8.978215273079724e+03, 2.118170125813907e-09, 3.470888546714998e-10, 1.300138241793371e+03, -1.445290463962654e-09, -9.768325086200047e-10, -3.549690336295272e+03},
    {1.707869073999821e+05, 3.428973591028042e-09, 2.118170125813907e-09, 2.043963048145475e+05, 1.497705077110255e-09, 2.403406950831330e-10, -7.222214173382457e+04, -2.252710972841884e-09, -8.920494171028525e-10},
    {3.252156176336662e-09, 1.707869073999874e+05, 3.470888546714998e-10, 1.497705077110255e-09, 2.043963048145449e+05, 5.334618820989838e-11, -2.897824527310365e-09, -7.222214173382839e+04, -5.266171132776883e-11},
    {2.896568914202960e-10, 1.719353415324737e-10, 1.300138241793371e+03, 2.403406950831330e-10, 5.334618820989838e-11, 2.227031463287823e+03, -1.538525252183830e-10, -1.085013628692192e-10, -4.886378045281921e+02},
    {-1.399238792701025e+05, -7.098545217685686e-09, -1.445290463962654e-09, -7.222214173382457e+04, -2.897824527310365e-09, -1.538525252183830e-10, 1.208179526826296e+05, 4.687656620972270e-09, 5.696087258025953e-10},
    {-5.806733374629738e-09, -1.399238792701166e+05, -9.768325086200047e-10, -2.252710972841884e-09, -7.222214173382839e+04, -1.085013628692192e-10, 4.687656620972270e-09, 1.208179526826400e+05, 4.762374232274231e-10},
    {-1.025506699271536e-09, -5.378388147922246e-10, -3.549690336295272e+03, -8.920494171028525e-10, -5.266171132776883e-11, -4.886378045281921e+02, 5.696087258025953e-10, 4.762374232274231e-10, 2.716810955540473e+03}
};

#endif // GAINS_H
